   0.9464
   0.8986
   0.9047
   0.9100
   0.8806
   0.8508
   0.8197
   0.8406
   0.8306
   0.8358
   0.8222
   0.8350
   0.8239
   0.8203
   0.8033
   0.7956
   0.8153
   0.8000
   0.7792
   0.7761
   0.7639
   0.7528
   0.7456
   0.7483
   0.7469
   0.7442
   0.7344
   0.7403
   0.7319
   0.7222
   0.7239
   0.7050
   0.7075
   0.7039
   0.7047
   0.7033
   0.6983
   0.6978
   0.7178
   0.6933
   0.7128
   0.7050
   0.7147
   0.6919
   0.7022
   0.7000
   0.6906
   0.6956
   0.6956
   0.7017
   0.6636
   0.6817
   0.6808
   0.6819
   0.6589
   0.6664
   0.6717
   0.6869
   0.6758
   0.6986
   0.7100
   0.7175
   0.7272
   0.7039
   0.7008
   0.6900
   0.6994
   0.7106
   0.7144
   0.7067
   0.6950
   0.7044
   0.7122
   0.7122
   0.7339
   0.7072
   0.7186
   0.7328
   0.7378
   0.7339
   0.7336
   0.7403
   0.7339
   0.7167
   0.7011
   0.6956
   0.6900
   0.7233
   0.7336
   0.7236
   0.7117
   0.7081
   0.7069
   0.7219
   0.7194
   0.7192
   0.7094
   0.7125
   0.7247
   0.7181
   0.7086
   0.7161
   0.7247
   0.7483
   0.7461
   0.7364
   0.7167
   0.7183
   0.7172
   0.7286
   0.7311
   0.7217
   0.7161
   0.7294
   0.7342
   0.7386
   0.7247
   0.7228
   0.7014
   0.7000
   0.6936
   0.7133
   0.7372
   0.7397
   0.7414
   0.7653
   0.7556
   0.7661
   0.7683
   0.7753
   0.7817
   0.7836
   0.7856
   0.7936
   0.7900
   0.7650
   0.7586
   0.7414
   0.7436
   0.7250
   0.7311
   0.7333
   0.7239
   0.7269
   0.7397
   0.7425
   0.7269
   0.7117
   0.7103
   0.6950
   0.7017
   0.6961
   0.7003
   0.7172
   0.7108
   0.7111
   0.7072
   0.7036
   0.7106
   0.7100
   0.7153
   0.7106
   0.7072
   0.7061
   0.6936
   0.6917
   0.6686
   0.7036
   0.7033
   0.6758
   0.6917
   0.6767
   0.6967
   0.6664
   0.6675
   0.6386
   0.6317
   0.6406
   0.6358
   0.6281
   0.6158
   0.5981
   0.6083
   0.6242
   0.6156
   0.6128
   0.6397
   0.6314
   0.6517
   0.6472
   0.6419
   0.6578
   0.6656
   0.6839
   0.6781
   0.6772
   0.7067
   0.6839
   0.6864
   0.6925
   0.6942
   0.6897
   0.6967
   0.6917
   0.6978
   0.7064
   0.7047
   0.7097
   0.7042
   0.7122
   0.6986
   0.6808
   0.7056
   0.6864
   0.6886
   0.6883
   0.6625
   0.6689
   0.6822
   0.6861
   0.6831
   0.7006
   0.6903
   0.6931
   0.6864
   0.6986
   0.7156
   0.7394
   0.7356
   0.7303
   0.7342
   0.7133
   0.7142
   0.7250
   0.7281
   0.7169
   0.7058
   0.7053
   0.6939
   0.6956
   0.7256
   0.7100
   0.7147
   0.6944
   0.7025
   0.6986
   0.7108
   0.7006
   0.7244
   0.7350
   0.7294
   0.7372
   0.7203
   0.7200
   0.7283
   0.7272
   0.7600
   0.7544
   0.7422
   0.7200
   0.7094
   0.6978
   0.6872
   0.7008
   0.7017
   0.6853
   0.7042
   0.7053
   0.7042
   0.7203
   0.7181
   0.7175
   0.6964
   0.6919
   0.6889
   0.7000
   0.6997
   0.7136
   0.7350
   0.7411
   0.7464
   0.7569
   0.7342
   0.7342
   0.7308
   0.7253
   0.7194
   0.7047
   0.6997
   0.6956
   0.6922
   0.6950
   0.7136
   0.6964
   0.7039
   0.7211
   0.7161
   0.7006
   0.7294
   0.7344
   0.7186
   0.7228
   0.7125
   0.7036
   0.6911
   0.7064
   0.7147
   0.6919
   0.6711
   0.6833
   0.6808
   0.6872
   0.6642
   0.6631
   0.6556
   0.6539
   0.6417
   0.6517
   0.6725
   0.6569
   0.6383
   0.6472
   0.6422
   0.6286
   0.6400
   0.6247
   0.6153
   0.5756
   0.6203
   0.6156
   0.6469
   0.6467
   0.6444
   0.6406
   0.6297
   0.6481
   0.6528
   0.6378
   0.6472
   0.6483
   0.6642
   0.6689
   0.6600
   0.6453
   0.6267
   0.6275
   0.6244
   0.6089
   0.6064
   0.6089
   0.6236
   0.6125
   0.6194
   0.6297
   0.6511
   0.6636
   0.6681
   0.6839
   0.6828
   0.6914
   0.6919
   0.6958
   0.7017
   0.6753
   0.6811
   0.6625
   0.6689
   0.6697
   0.6806
   0.7036
   0.6931
   0.6861
   0.6711
   0.6850
   0.6931
   0.6650
   0.6903
   0.6844
   0.6967
   0.7156
   0.7161
   0.7183
   0.7100
   0.7042
   0.6967
   0.6856
   0.6622
   0.6569
   0.6386
   0.6300
   0.6392
   0.6317
   0.6364
   0.6392
   0.6647
   0.6831
   0.6656
   0.6564
   0.6458
   0.6225
   0.6244
   0.6189
   0.6056
   0.5864
   0.6158
   0.6217
   0.6286
   0.6336
   0.6422
   0.6353
   0.6461
   0.6431
   0.6350
   0.6214
   0.6169
   0.6050
   0.5978
   0.5939
   0.6053
   0.6069
   0.5953
   0.5819
   0.5836
   0.5869
   0.5961
   0.6039
   0.5900
   0.6017
   0.6078
   0.6336
   0.6417
   0.6394
   0.6406
   0.6450
   0.6356
   0.6222
   0.6278
   0.6253
   0.6219
   0.6161
   0.6053
   0.5978
   0.5825
   0.5867
   0.5806
   0.5944
   0.5872
   0.5994
   0.5950
   0.5994
   0.6244
   0.5989
   0.5975
   0.5714
   0.5908
   0.5897
   0.5983
   0.5761
   0.5742
   0.5786
   0.5822
   0.5822
   0.6019
   0.5961
   0.6083
   0.5908
   0.5886
   0.6042
   0.5908
   0.5889
   0.5772
   0.5744
   0.5683
   0.5822
   0.5794
   0.5925
   0.6039
   0.6031
   0.5914
   0.5986
   0.5894
   0.6206
   0.6197
   0.6325
   0.6192
   0.5986
   0.6056
   0.5986
   0.6161
   0.5675
   0.5458
   0.5619
   0.5767
   0.5669
   0.5717
   0.5981
   0.6033
   0.6097
   0.6292
   0.6267
   0.6186
   0.6031
   0.6158
   0.6092
   0.6239
   0.6111
   0.6142
   0.6067
   0.6056
   0.6017
   0.6219
   0.6381
   0.6239
   0.6156
   0.5978
   0.5800
   0.5903
   0.5958
   0.5847
   0.5842
   0.5822
   0.6111
   0.6086
   0.6111
   0.6031
   0.6125
   0.6017
   0.5831
   0.6031
   0.6158
   0.6133
   0.6081
   0.5789
   0.5853
   0.5817
   0.6086
   0.6036
   0.5983
   0.5806
   0.5992
   0.5958
   0.5978
   0.5892
   0.5997
   0.6153
   0.6139
   0.6056
   0.6297
   0.6042
   0.6153
   0.6194
   0.6250
   0.6175
   0.6369
   0.6475
   0.6650
   0.6331
   0.6294
   0.6561
   0.6569
   0.6553
   0.6783
   0.6878
   0.6728
   0.6875
   0.6850
   0.6872
   0.6944
   0.7022
   0.7164
   0.7239
   0.7114
   0.6933
   0.7078
   0.7200
   0.7444
   0.7136
   0.7200
   0.6953
   0.6817
   0.7039
   0.7175
   0.6983
   0.6833
   0.7000
   0.6950
   0.7039
   0.7186
   0.7164
   0.6986
   0.7189
   0.7019
   0.6922
   0.6694
   0.6847
   0.6872
   0.7253
   0.7053
   0.7142
   0.7133
   0.6961
   0.7119
   0.7142
   0.7175
   0.7194
   0.7289
   0.7272
   0.7517
   0.7497
   0.7536
   0.7283
   0.7350
   0.7183
   0.7194
   0.7103
   0.7311
   0.7367
   0.7167
   0.7519
   0.7572
   0.7258
   0.7158
   0.7208
   0.7289
   0.7192
   0.7225
   0.7414
   0.7450
   0.7253
   0.7117
   0.7153
   0.7461
   0.7383
   0.7119
   0.7061
   0.7161
   0.6986
   0.7175
   0.7275
   0.7625
   0.7386
   0.7353
   0.7286
   0.7153
   0.7050
   0.6903
   0.6836
   0.6733
   0.6839
   0.6764
   0.6703
   0.6700
   0.6856
   0.6983
   0.6894
   0.6808
   0.6928
   0.6736
   0.6622
   0.6725
   0.6617
   0.6742
   0.6686
   0.6767
   0.6914
   0.6933
   0.6764
   0.6722
   0.6408
   0.6408
   0.6308
   0.6383
   0.6489
   0.6578
   0.6514
   0.6411
   0.6292
   0.6033
   0.6022
   0.5778
   0.5464
   0.5333
   0.5331
   0.5314
   0.5233
   0.5353
   0.5153
   0.4981
   0.5136
   0.5172
   0.4956
   0.4992
   0.5108
   0.4892
   0.4783
   0.4728
   0.4672
   0.4828
   0.4711
   0.4753
   0.4711
   0.4786
   0.5022
   0.5161
   0.5300
   0.5350
   0.5339
   0.5233
   0.5172
   0.5025
   0.5083
   0.5175
   0.5497
   0.5617
   0.5564
   0.5717
   0.5825
   0.5781
   0.5692
   0.5678
   0.5875
   0.5903
   0.5886
   0.5822
   0.5711
   0.5811
   0.5869
   0.5858
   0.6036
   0.6011
   0.6186
   0.5975
   0.5850
   0.6050
   0.6183
   0.6092
   0.5969
   0.5894
   0.5678
   0.5889
   0.5936
   0.5797
   0.5692
   0.5622
   0.5656
   0.5806
   0.5889
   0.5908
   0.5944
   0.5858
   0.5700
   0.5889
   0.6067
   0.5725
   0.5900
   0.5875
   0.5903
   0.6069
   0.6294
   0.6319
   0.6328
   0.6256
   0.6153
   0.6214
   0.6228
   0.6278
   0.6172
   0.6203
   0.6128
   0.5956
   0.6181
   0.6364
   0.6264
   0.6281
   0.6308
   0.6411
   0.6283
   0.6228
   0.6358
   0.6142
   0.6394
   0.6389
   0.6594
   0.6503
   0.6464
   0.6325
   0.6706
   0.6664
   0.6553
   0.6553
   0.6556
   0.6658
   0.6419
   0.6494
   0.6447
   0.6386
   0.6297
   0.6317
   0.6361
   0.6258
   0.6358
   0.6386
   0.6367
   0.6478
   0.6378
   0.6356
   0.6383
   0.6433
   0.6297
   0.6133
   0.6031
   0.5900
   0.5897
   0.6050
   0.6036
   0.6092
   0.5942
   0.6006
   0.6133
   0.5925
   0.5686
   0.5692
   0.5603
   0.5778
   0.5864
   0.6078
   0.6081
   0.5969
   0.5847
   0.5886
   0.5814
   0.5856
   0.5919
   0.5994
   0.6014
   0.6100
   0.6039
   0.5989
   0.5950
   0.5819
   0.5858
   0.5839
   0.5706
   0.5736
   0.5847
   0.5878
   0.6158
   0.6089
   0.6075
   0.6242
   0.6231
   0.6186
   0.6044
   0.5989
   0.6053
   0.6122
   0.6458
   0.6517
   0.6431
   0.6328
   0.6472
   0.6375
   0.6322
   0.6247
   0.6211
   0.6356
   0.6511
   0.6589
   0.6733
   0.6781
   0.6628
   0.6392
   0.6331
   0.6203
   0.6075
   0.6325
   0.6303
   0.6006
   0.6067
   0.5936
   0.5764
   0.5825
   0.5722
   0.5781
   0.5656
   0.5600
   0.5692
   0.5853
   0.5894
   0.5867
   0.5761
   0.5861
   0.5889
   0.6058
   0.6122
   0.5978
   0.6103
   0.6081
   0.6303
   0.6297
   0.6381
   0.6411
   0.6436
   0.6331
   0.6344
   0.6250
   0.6178
   0.6333
   0.6194
   0.6267
   0.6164
   0.6072
   0.6019
   0.6267
   0.6106
   0.5961
   0.5800
   0.5728
   0.5728
   0.5794
   0.5714
   0.5878
   0.5772
   0.5767
   0.5878
   0.5739
   0.5803
   0.5986
   0.5997
   0.5997
   0.5878
   0.5858
   0.5797
   0.5581
   0.5747
   0.5942
   0.5817
   0.5614
   0.5600
   0.5658
   0.5672
   0.5822
   0.5944
   0.6028
   0.6081
   0.6153
   0.6081
   0.6058
   0.6058
   0.6044
   0.5936
   0.5833
   0.6061
   0.6294
   0.6211
   0.6089
   0.6039
   0.5889
   0.6178
   0.6150
   0.6286
   0.6403
   0.6314
   0.6419
   0.6264
   0.6117
   0.6044
   0.5986
   0.6000
   0.6200
   0.6236
   0.6275
   0.6300
   0.6372
   0.6531
   0.6325
   0.6411
   0.6414
   0.6486
   0.6283
   0.6472
   0.6547
   0.6472
   0.6736
   0.6542
   0.6164
   0.6147
   0.5967
   0.6061
   0.6222
   0.6306
   0.6242
   0.6108
   0.6306
   0.6025
   0.6189
   0.6222
   0.6258
   0.6108
   0.6072
   0.5975
   0.5881
   0.5856
   0.5742
   0.5689
   0.5736
   0.5653
   0.5653
   0.5719
   0.5717
   0.5786
   0.5547
   0.5536
   0.5489
   0.5517
   0.5519
   0.5503
   0.5494
   0.5539
   0.5506
   0.5569
   0.5472
   0.5592
   0.5672
   0.5606
   0.5650
   0.5600
   0.5658
   0.5628
   0.5572
   0.5547
   0.5656
   0.5697
   0.5589
   0.5536
   0.5794
   0.5714
   0.5914
   0.5711
   0.5758
   0.5583
   0.5778
   0.5683
   0.5628
   0.5567
   0.5558
   0.5594
   0.5514
   0.5342
   0.5136
   0.5247
   0.5178
   0.5097
   0.5100
   0.5044
   0.4875
   0.4822
   0.4619
   0.4561
   0.4572
   0.4519
   0.4753
   0.4722
   0.4650
   0.4656
   0.4697
   0.4414
   0.4506
   0.4406
   0.4353
   0.4358
   0.4203
   0.4114
   0.4006
   0.4100
   0.4306
   0.3975
   0.3964
   0.4006
   0.3947
   0.4017
   0.4217
   0.4217
   0.4197
   0.4003
   0.4150
   0.4225
   0.4367
   0.4406
   0.4539
   0.4672
   0.4769
   0.4803
   0.4664
   0.4533
   0.4517
   0.4519
   0.4464
   0.4567
   0.4469
   0.4472
   0.4625
   0.4686
   0.4775
   0.4947
   0.5036
   0.5289
   0.5200
   0.5222
   0.5031
   0.5053
   0.5122
   0.5181
   0.5189
   0.5169
   0.5217
   0.5342
   0.5281
   0.5153
   0.5153
   0.4997
   0.4958
   0.4867
   0.4886
   0.5053
   0.5083
   0.5044
   0.5081
   0.4958
   0.4894
   0.5039
   0.5075
   0.5008
   0.4942
   0.5025
   0.4944
   0.4936
   0.4819
   0.4628
   0.4767
   0.4792
   0.4794
   0.4797
   0.4903
   0.5028
   0.4969
   0.4867
   0.4792
   0.4756
   0.4861
   0.5142
   0.5044
   0.4992
   0.4856
   0.5042
   0.5161
   0.5233
   0.5161
   0.5161
   0.4831
   0.4969
   0.5272
   0.5092
   0.5067
   0.4897
   0.4881
   0.5022
   0.4961
   0.5014
   0.5069
   0.5169
   0.5092
   0.5167
   0.5272
   0.5289
   0.5289
   0.5275
   0.5250
   0.5131
   0.5142
   0.5119
   0.5092
   0.5014
   0.5003
   0.5000
   0.5028
   0.5000
   0.5042
   0.5050
   0.5044
   0.5078
   0.5175
   0.5317
   0.5458
   0.5300
   0.5386
   0.5211
   0.5239
   0.5239
   0.5247
   0.5236
   0.5306
   0.5100
   0.5275
   0.5369
   0.5394
   0.5547
   0.5644
   0.5533
   0.5569
   0.5675
   0.5608
   0.5536
   0.5514
   0.5622
   0.5650
   0.5692
   0.5669
   0.5761
   0.5842
   0.5781
   0.5742
   0.5764
   0.5725
   0.5703
   0.5650
   0.5358
   0.5314
   0.5239
   0.5225
   0.5183
   0.5081
   0.4958
   0.4867
   0.4914
   0.5233
   0.5250
   0.5206
   0.5353
   0.5269
   0.5394
   0.5519
   0.5450
   0.5561
   0.5547
   0.5492
   0.5583
   0.5411
   0.5436
   0.5556
   0.5558
   0.5500
   0.5597
   0.5733
   0.5669
   0.5631
   0.5656
   0.5736
   0.5708
   0.5611
   0.5594
   0.5656
   0.5692
   0.5486
   0.5631
   0.5544
   0.5492
   0.5453
   0.5289
   0.5317
   0.5350
   0.5497
   0.5422
   0.5469
   0.5308
   0.5261
   0.5011
   0.5000
   0.5200
   0.5225
   0.5311
   0.5475
   0.5339
   0.5419
   0.5411
   0.5375
   0.5378
   0.5394
   0.5547
   0.5492
   0.5550
   0.5500
   0.5514
   0.5628
   0.5633
   0.5503
   0.5508
   0.5411
   0.5458
   0.5647
   0.5631
   0.5522
   0.5486
   0.5342
   0.5403
   0.5286
   0.5264
   0.5103
   0.5008
   0.4889
   0.4864
   0.4783
   0.4631
   0.4614
   0.4814
   0.4961
   0.5111
   0.5211
   0.5231
   0.5381
   0.5253
   0.5044
   0.4847
   0.4797
   0.4789
   0.4725
   0.4961
   0.4981
   0.5233
   0.5172
   0.4925
   0.5072
   0.5175
   0.5075
   0.5047
   0.5172
   0.5128
   0.4944
   0.4783
   0.4653
   0.4781
   0.4842
   0.4828
   0.5086
   0.5019
   0.5133
   0.5289
   0.5264
   0.5308
   0.5372
   0.5322
   0.5342
   0.5292
   0.5519
   0.5442
   0.5567
   0.5650
   0.5594
   0.5469
   0.5464
   0.5425
   0.5550
   0.5558
   0.5522
   0.5467
   0.5481
   0.5519
   0.5553
   0.5619
   0.5472
   0.5650
   0.5747
   0.5700
   0.5533
   0.5472
   0.5472
   0.5333
   0.5425
   0.5328
   0.5169
   0.5058
   0.5039
   0.4972
   0.4906
   0.5272
   0.5103
   0.5167
   0.5150
   0.5181
   0.5122
   0.5311
   0.5264
   0.5253
   0.5367
   0.5300
   0.5244
   0.5131
   0.5064
   0.5122
   0.5058
   0.5025
   0.4981
   0.4817
   0.4700
   0.4764
   0.4644
   0.4422
   0.4503
   0.4525
   0.4339
   0.4422
   0.4317
   0.4478
   0.4464
   0.4506
   0.4600
   0.4758
   0.4761
   0.4728
   0.4894
   0.4775
   0.4747
   0.4703
   0.4656
   0.4475
   0.4511
   0.4539
   0.4617
   0.4667
   0.4547
   0.4553
   0.4633
   0.4694
   0.4536
   0.4328
   0.4200
   0.4314
   0.4222
   0.4208
   0.4172
   0.4028
   0.4153
   0.4167
   0.4183
   0.4294
   0.4458
   0.4456
   0.4481
   0.4661
   0.4644
   0.4625
   0.4733
   0.4656
   0.4725
   0.4900
   0.4789
   0.4683
   0.4592
   0.4544
   0.4606
   0.4539
   0.4656
   0.4411
   0.4361
   0.4500
   0.4661
   0.4661
   0.4708
   0.4469
   0.4650
   0.4575
   0.4622
   0.4603
   0.4628
   0.4750
   0.4747
   0.4669
   0.4575
   0.4428
   0.4525
   0.4825
   0.4847
   0.4917
   0.4803
   0.4706
   0.4758
   0.4822
   0.5142
   0.5186
   0.5217
   0.5425
   0.5306
   0.5261
   0.5114
   0.4947
   0.4969
   0.4872
   0.4997
   0.5000
   0.4861
   0.4661
   0.4836
   0.4783
   0.4933
   0.5075
   0.5014
   0.5061
   0.5000
   0.5056
   0.5111
   0.5239
   0.5122
   0.5119
   0.5181
   0.5231
   0.5236
   0.5494
   0.5383
   0.5192
   0.5011
   0.5100
   0.5056
   0.5247
   0.5442
   0.5364
   0.5286
   0.5214
   0.5244
   0.5117
   0.5331
   0.5386
   0.5450
   0.5553
   0.5247
   0.5075
   0.5097
   0.5153
   0.5214
   0.5392
   0.5308
   0.5214
   0.5181
   0.5233
   0.5208
   0.5186
   0.5167
   0.5167
   0.5247
   0.5283
   0.5225
   0.5131
   0.5214
   0.5103
   0.5083
   0.5036
   0.4989
   0.4867
   0.4914
   0.4908
   0.5042
   0.4950
   0.5064
   0.5119
   0.5022
   0.4717
   0.4819
   0.4767
   0.4983
   0.5206
   0.5117
   0.5108
   0.5044
   0.5175
   0.5047
   0.5125
   0.5328
   0.5208
   0.5225
   0.5231
   0.5428
   0.5508
   0.5586
   0.5606
   0.5508
   0.5436
   0.5375
   0.5369
   0.5039
   0.5092
   0.5092
   0.5100
   0.5117
   0.4967
   0.4800
   0.4772
   0.4919
   0.5075
   0.5017
   0.4847
   0.4844
   0.4808
   0.4836
   0.4922
   0.4950
   0.5083
   0.5114
   0.5017
   0.5036
   0.5097
   0.4908
   0.4881
   0.4842
   0.4703
   0.4750
   0.4919
   0.4939
   0.4925
   0.4922
   0.4992
   0.5083
   0.5108
   0.4953
   0.5072
   0.5056
   0.5108
   0.4928
   0.4886
   0.5008
   0.5033
   0.5047
   0.5072
   0.4933
   0.4994
   0.5186
   0.5189
   0.5042
   0.5000
   0.5067
   0.4875
   0.4747
   0.4611
   0.4714
   0.4797
   0.4944
   0.4958
   0.5156
   0.5242
   0.5153
   0.5100
   0.4864
   0.4811
   0.4717
   0.4819
   0.4994
   0.4958
   0.4981
   0.4997
   0.4875
   0.4817
   0.4675
   0.4783
   0.4650
   0.4783
   0.4886
   0.4811
   0.4825
   0.4808
   0.4622
   0.4733
   0.4756
   0.4736
   0.4733
   0.4431
   0.4628
   0.4394
   0.4361
   0.4181
   0.4317
   0.4386
   0.4556
   0.4397
   0.4375
   0.4506
   0.4372
   0.4242
   0.4211
   0.4333
   0.4400
   0.4319
   0.4294
   0.4208
   0.4167
   0.4336
   0.4375
   0.4325
   0.4303
   0.4347
   0.4322
   0.4408
   0.4533
   0.4461
   0.4372
   0.4456
   0.4433
   0.4339
   0.4294
   0.4256
   0.4442
   0.4397
   0.4444
   0.4475
   0.4428
   0.4317
   0.4311
   0.4439
   0.4686
   0.4656
   0.4731
   0.4806
   0.4494
   0.4594
   0.4744
   0.4897
   0.4806
   0.4858
   0.4917
   0.4731
   0.4900
   0.4872
   0.4753
   0.4739
   0.4789
   0.4811
   0.4886
   0.4661
   0.4686
   0.4519
   0.4478
   0.4306
   0.4203
   0.4278
   0.4264
   0.4128
   0.4172
   0.4117
   0.4158
   0.4258
   0.4242
   0.4231
   0.4286
   0.4147
   0.4022
   0.4006
   0.4153
   0.4086
   0.4219
   0.4247
   0.4383
   0.4458
   0.4528
   0.4444
   0.4194
   0.4269
   0.4233
   0.4197
   0.4258
   0.4336
   0.4283
   0.4186
   0.4208
   0.4097
   0.3783
   0.3850
   0.3867
   0.3703
   0.3700
   0.3794
   0.3839
   0.3781
   0.3675
   0.3542
   0.3683
   0.3747
   0.3664
   0.3628
   0.3389
   0.3522
   0.3594
   0.3650
   0.3631
   0.3481
   0.3303
   0.3414
   0.3431
   0.3364
   0.3353
   0.3536
   0.3817
   0.4078
   0.3939
   0.3892
   0.3997
   0.4131
   0.4069
   0.3939
   0.3906
   0.3950
   0.3767
   0.3825
   0.3839
   0.3786
   0.3761
   0.3761
   0.3958
   0.3878
   0.3872
   0.3864
   0.3853
   0.3789
   0.3781
   0.3708
   0.3494
   0.3311
   0.3531
   0.3594
   0.3636
   0.3644
   0.3675
   0.3653
   0.3644
   0.3583
   0.3658
   0.3797
   0.3750
   0.3617
   0.3508
   0.3456
   0.3317
   0.3547
   0.3250
   0.3350
   0.3475
   0.3736
   0.3669
   0.3769
   0.3803
   0.3975
   0.4089
   0.4189
   0.3939
   0.4075
   0.4058
   0.4211
   0.4208
   0.4031
   0.3919
   0.4056
   0.4247
   0.4222
   0.4319
   0.4372
   0.4419
   0.4283
   0.4325
   0.4208
   0.4244
   0.4378
   0.4503
   0.4489
   0.4539
   0.4625
   0.4569
   0.4656
   0.4778
   0.4747
   0.4489
   0.4589
   0.4764
   0.4667
   0.4847
   0.4714
   0.4617
   0.4617
   0.4611
   0.4525
   0.4453
   0.4431
   0.4386
   0.4172
   0.4303
   0.4222
   0.4125
   0.4025
   0.4083
   0.4067
   0.4183
   0.4250
   0.4289
   0.4050
   0.3961
   0.3906
   0.3942
   0.3844
   0.3903
   0.4172
   0.4258
   0.4231
   0.4339
   0.4356
   0.4381
   0.4544
   0.4389
   0.4314
   0.4217
   0.4253
   0.4083
   0.4117
   0.3950
   0.4167
   0.4203
   0.4186
   0.4267
   0.4264
   0.4208
   0.4122
   0.4139
   0.4325
   0.4272
   0.4356
   0.4350
   0.4256
   0.4203
   0.4439
   0.4339
   0.4231
   0.4294
   0.4331
   0.4075
   0.4058
   0.4131
   0.4061
   0.4128
   0.4036
   0.4100
   0.4008
   0.3950
   0.4133
   0.4175
   0.4036
   0.4178
   0.4239
   0.4306
   0.4094
   0.4211
   0.4225
   0.4294
   0.4308
   0.4239
   0.4328
   0.4353
   0.4392
   0.4525
   0.4453
   0.4275
   0.4178
   0.4306
   0.4364
   0.4242
   0.4258
   0.4275
   0.4128
   0.4128
   0.3919
   0.3969
   0.3839
   0.3833
   0.3958
   0.3972
   0.3975
   0.4167
   0.4003
   0.3875
   0.3908
   0.3789
   0.3836
   0.3881
   0.3756
   0.3511
   0.3586
   0.3475
   0.3569
   0.3775
   0.3825
   0.3772
   0.3644
   0.3578
   0.3786
   0.3864
   0.3794
   0.3856
   0.3964
   0.3939
   0.3958
   0.3778
   0.3806
   0.3786
   0.3864
   0.3786
   0.3872
   0.3875
   0.3989
   0.3669
   0.3875
   0.4039
   0.4172
   0.4244
   0.4128
   0.4097
   0.3953
   0.3969
   0.3850
   0.3906
   0.3831
   0.3950
   0.3867
   0.3950
   0.3947
   0.3944
   0.4142
   0.4092
   0.4214
   0.4250
   0.4356
   0.4233
   0.4167
   0.4200
   0.4231
   0.4328
   0.4264
   0.4086
   0.4031
   0.4136
   0.4128
   0.4300
   0.4278
   0.4367
   0.4406
   0.4456
   0.4564
   0.4450
   0.4367
   0.4500
   0.4536
   0.4419
   0.4283
   0.4422
   0.4400
   0.4556
   0.4253
   0.4125
   0.3994
   0.4119
   0.4267
   0.4244
   0.4264
   0.4158
   0.4372
   0.4467
   0.4436
   0.4586
   0.4600
   0.4522
   0.4392
   0.4453
   0.4378
   0.4311
   0.4283
   0.4442
   0.4353
   0.4422
   0.4553
   0.4619
   0.4714
   0.4853
   0.4758
   0.4917
   0.4903
   0.4928
   0.4919
   0.4833
   0.4711
   0.4839
   0.4975
   0.5028
   0.5142
   0.5036
   0.5133
   0.5131
   0.5133
   0.4939
   0.4831
   0.4861
   0.4908
   0.4908
   0.5178
   0.4975
   0.5114
   0.4933
   0.4814
   0.4828
   0.4858
   0.4783
   0.4775
   0.4650
   0.4706
   0.4761
   0.4658
   0.4528
   0.4467
   0.4603
   0.4578
   0.4347
   0.4453
   0.4458
   0.4356
   0.4650
   0.4661
   0.4669
   0.4575
   0.4575
   0.4658
   0.4922
   0.5050
   0.5036
   0.4897
   0.5050
   0.4978
   0.4931
   0.4736
   0.4647
   0.4661
   0.4617
   0.4733
   0.4794
   0.4686
   0.4681
   0.4744
   0.4731
   0.4631
   0.4781
   0.4675
   0.4664
   0.4703
   0.4900
   0.4856
   0.4925
   0.4842
   0.4547
   0.4778
   0.4694
   0.4586
   0.4536
   0.4519
   0.4375
   0.4506
   0.4367
   0.4608
   0.4742
   0.4675
   0.4406
   0.4539
   0.4464
   0.4511
   0.4425
   0.4342
   0.4525
   0.4472
   0.4381
   0.4153
   0.4172
   0.4139
   0.4092
   0.4053
   0.4208
   0.4167
   0.4108
   0.4164
   0.4200
   0.4244
   0.4233
   0.4250
   0.4164
   0.4219
   0.4322
   0.4400
   0.4447
   0.4447
   0.4294
   0.4392
   0.4467
   0.4486
   0.4350
   0.4269
   0.4211
   0.4069
   0.4061
   0.4219
   0.4094
   0.3917
   0.3972
   0.3972
   0.3939
   0.4017
   0.4169
   0.4219
   0.4036
   0.3889
   0.3831
   0.3806
   0.3872
   0.4042
   0.3986
   0.3989
   0.3900
   0.3897
   0.3903
   0.3872
   0.3731
   0.3703
   0.3583
   0.3544
   0.3511
   0.3478
   0.3608
   0.3758
   0.3731
   0.3797
   0.3708
   0.3747
   0.3975
   0.4019
   0.3997
   0.4106
   0.4061
   0.4111
   0.3967
   0.4042
   0.4136
   0.4019
   0.4042
   0.3997
   0.4211
   0.4142
   0.3986
   0.4036
   0.4111
   0.4172
   0.4283
   0.4319
   0.4228
   0.4203
   0.4194
   0.4317
   0.4372
   0.4453
   0.4544
   0.4231
   0.4364
   0.4236
   0.4272
   0.4389
   0.4511
   0.4542
   0.4394
   0.4369
   0.4194
   0.4414
   0.4358
   0.4256
   0.4206
   0.4292
   0.4311
   0.4439
   0.4556
   0.4581
   0.4317
   0.4264
   0.4467
   0.4389
   0.4442
   0.4422
   0.4453
   0.4236
   0.3975
   0.3908
   0.4192
   0.4289
   0.4233
   0.4192
   0.4072
   0.4119
   0.4086
   0.4211
   0.4219
   0.4208
   0.4047
   0.4097
   0.3942
   0.4047
   0.3928
   0.3961
   0.3992
   0.4153
   0.3967
   0.4078
   0.4086
   0.4194
   0.4147
   0.4119
   0.3889
   0.3736
   0.3647
   0.3839
   0.3797
   0.3889
   0.3983
   0.3792
   0.3731
   0.3864
   0.3819
   0.3803
   0.3869
   0.3872
   0.3917
   0.3656
   0.3561
   0.3664
   0.3781
   0.3869
   0.3822
   0.3750
   0.3611
   0.3689
   0.3750
   0.3592
   0.3547
   0.3350
   0.3342
   0.3297
   0.3317
   0.3403
   0.3386
   0.3342
   0.3350
   0.3422
   0.3433
   0.3489
   0.3433
   0.3419
   0.3461
   0.3642
   0.3611
   0.3608
   0.3839
   0.3808
   0.3758
   0.3756
   0.3836
   0.3956
   0.3750
   0.3636
   0.3700
   0.3722
   0.3533
   0.3464
   0.3525
   0.3608
   0.3389
   0.3372
   0.3372
   0.3306
   0.3400
   0.3189
   0.3311
   0.3353
   0.3347
   0.3286
   0.3197
   0.3131
   0.3189
   0.3092
   0.3089
   0.3225
   0.3258
   0.3281
   0.3464
   0.3258
   0.3403
   0.3436
   0.3531
   0.3567
   0.3583
   0.3767
   0.3858
   0.3631
   0.3450
   0.3408
   0.3456
   0.3511
   0.3533
   0.3575
   0.3589
   0.3725
   0.3672
   0.3639
   0.3753
   0.3631
   0.3658
   0.3719
   0.3669
   0.3578
   0.3642
   0.3739
   0.3725
   0.3597
   0.3681
   0.3711
   0.3567
   0.3556
   0.3744
   0.3783
   0.3878
   0.3917
   0.3986
   0.3867
   0.3939
   0.3861
   0.3783
   0.3781
   0.3611
   0.3758
   0.3733
   0.3814
   0.3842
   0.4058
   0.4161
   0.3939
   0.3997
   0.4128
   0.4197
   0.4222
   0.4197
   0.4178
   0.4308
   0.4378
   0.4172
   0.4136
   0.4225
   0.4075
   0.4122
   0.4094
   0.4169
   0.4200
   0.4308
   0.4378
   0.4364
   0.4242
   0.4203
   0.4083
   0.4114
   0.4028
   0.3975
   0.3939
   0.3939
   0.3922
   0.3983
   0.4081
   0.3931
   0.3908
   0.3994
   0.4064
   0.4033
   0.3894
   0.3808
   0.3867
   0.3744
   0.3422
   0.3536
   0.3681
   0.3700
   0.3736
   0.3731
   0.3803
   0.3572
   0.3669
   0.3803
   0.3742
   0.3864
   0.3878
   0.3681

